Corundum,Fluorite,Zincite
0.050028445512896154,0.07286132363314708,0.8771102308539567
0.2093817144294267,0.7892952630594067,0.0013230225111667629
0.4471001224408607,0.1518310685271392,0.4010688090320001
0.7837401836201479,0.06990063981356258,0.14635917656628958
0.26151829340725474,0.24360137831407477,0.4948803282786706
0.05758119298480923,0.162735503421896,0.7796833035932949
0.5403438799314144,0.19730707206908882,0.2623490479994967
0.508580817534245,0.4093887831104918,0.08203039935526302
0.5827354935713198,0.014041807341878584,0.4032226990868016
0.23469311690298728,0.22265603865394948,0.5426508444430632
0.033390622029531115,0.9015056772237736,0.06510370074669507
0.0954732322991465,0.09215051568226519,0.8123762520185883
0.023973454095485906,0.03712601657507241,0.9389005293294416
0.8412293879209083,0.040299822564606194,0.11847078951448543
0.2737686753220378,0.15165714626975355,0.5745741784082087
0.5699066396966678,0.32973467753831986,0.1003586827650123
0.02291717203972259,0.9349896689746212,0.04209315898565631
0.2155425360472985,0.75597401646999,0.028483447482711588
0.2776742092226545,0.5711518504789957,0.15117394029834968
0.0768705379190016,0.8396850717078963,0.08344439037310201
0.1979682027449669,0.15332981186286868,0.6487019853921644
0.6905925898190685,0.0803159325482399,0.22909147763269158
0.0040361009866299235,0.5960622701680902,0.3999016288452799
0.5402208156030026,0.41548747136525777,0.044291713031739594
0.2229593948952274,0.3360195994847132,0.44102100562005947
0.37145241869850826,0.5857406427351058,0.04280693856638595
0.581089945749022,0.37034455430422436,0.04856549994675373
0.18642144952012882,0.3967154687821662,0.4168630816977051
0.22663794460859088,0.6336811390452164,0.13968091634619273
0.017705637152481007,0.03284486526572706,0.9494494975817919
0.2510239417781091,0.4927389849151586,0.25623707330673234
0.3634115548581937,0.24074087061097732,0.395847574530829
0.055811646078130744,0.47505419932497006,0.46913415459689917
0.1945471359971598,0.5335289877234546,0.2719238762793856
0.19056591039205065,0.01975089076432675,0.7896831988436225
0.35732043426020904,0.516757310185714,0.12592225555407685
0.3174134613948131,0.23397694738212008,0.4486095912230668
0.7187500526591054,0.010513331312668682,0.27073661602822585
0.27081886397135607,0.6676457197932054,0.061535416235438366
0.7861413573990881,0.05583500317273862,0.15802363942817327
0.4355421956092672,0.03558696350798508,0.5288708408827478
0.7015933361716337,0.13363237521400192,0.1647742886143643
0.1972355211516446,0.5632053234749889,0.23955915537336647
0.6957959716630072,0.067120996610114,0.23708303172687878
0.11065054682314482,0.08699803820790852,0.8023514149689468
0.032572340138043,0.46133382773901355,0.5060938321229436
0.10149536326076411,0.8338434533121284,0.06466118342710749
0.39063000403069015,0.05926712142909405,0.5501028745402158
0.1756900991675592,0.7431062191602374,0.08120368167220335
0.4181727086924528,0.13105899165203058,0.45076829965551646
0.5634562402725382,0.42962006432816713,0.006923695399294711
0.5464325000243585,0.05429852009082038,0.3992689798848211
0.28429979262976224,0.35107821893136276,0.3646219884388751
0.14297463507550992,0.19951628882587488,0.6575090760986151
0.6240555893049754,0.18447697467744623,0.19146743601757826
0.5374227680289958,0.2126687317049584,0.24990850026604575
0.14633696453800174,0.3980463463739616,0.4556166890880366
0.6905074587628,0.11142744117798048,0.19806510005921973
0.7480283611688919,0.21035754997297337,0.04161408885813469
0.511068561708483,0.20445576898114942,0.2844756693103677
0.383316426448713,0.3842093454378664,0.23247422811342047
0.17887741068131155,0.10219729615103786,0.7189252931676505
0.29468041421367797,0.1810825561904125,0.5242370295959096
0.19718868378091955,0.17764840349255528,0.6251629127265252
0.3809052382217552,0.010778757581464756,0.60831600419678
0.14900358013583218,0.7894601059494264,0.06153631391474139
0.9827130303844246,0.01040126878293934,0.006885700832636103
0.11728231176226232,0.6160251580011116,0.26669253023662615
0.1121922480565923,0.837323358469365,0.05048439347404264
0.19251921083401496,0.37145468152908734,0.43602610763689775
0.09939493566240064,0.3841779265189079,0.5164271378186914
0.37198272924327247,0.3095934355711733,0.3184238351855542
0.2714005555011578,0.15218075174999637,0.5764186927488458
0.39880682654928307,0.10169599470361435,0.49949717874710253
0.1414568488554965,0.8135839347644338,0.04495921638006962
0.1187991141460175,0.85864915355846,0.022551732295522535
0.4299589625530793,0.41052417929772084,0.1595168581491998
0.23065932471400505,0.5732242591073781,0.19611641617861708
0.028706909653631728,0.37219960067468416,0.5990934896716842
0.3880176304504171,0.49542831257683206,0.1165540569727509
0.014900400173269676,0.9369859624485557,0.04811363737817462
0.013324633100310413,0.8858655198666957,0.10080984703299391
0.7618943517139704,0.013145040987329423,0.2249606072987002
0.34280158716553977,0.2109497201001742,0.44624869273428597
0.12010689133912163,0.023636931801382873,0.8562561768594954
0.07582239653661177,0.7055087376949374,0.2186688657684508
0.5075435430369499,0.34045412209299475,0.15200233487005532
0.31518045025816593,0.36170063242862016,0.3231189173132138
0.10859142069601667,0.2385289053930306,0.6528796739109527
0.02438616681968591,0.0693860084198399,0.9062278247604743
0.5163171295167192,0.3615083515307862,0.12217451895249469
0.54402142363627,0.2472160923315212,0.20876248403220876
0.06833155845214955,0.5081521162353719,0.4235163253124784
0.8568994338591126,0.022844229490259056,0.1202563366506283
0.08093149092113257,0.827221942070358,0.0918465670085094
0.431483140851773,0.34610875822345855,0.22240810092476854
0.4406438286603586,0.5151706655642864,0.044185505775355
0.559688212559678,0.2441874321805434,0.19612435525977867
0.7112082233652336,0.03311794774797086,0.25567382888679546
0.045130752594881786,0.4139501351816564,0.5409191122234618
0.4575963560442074,0.5020221533056536,0.04038149065013902
0.2332861011951601,0.6761676092803491,0.09054628952449066
0.24991391842632812,0.1675914507054391,0.5824946308682328
0.7596906835225788,0.21016648910360408,0.030142827373817085
0.5728157996699611,0.18893369353314446,0.2382505067968945
0.17158078104699717,0.15377384479499392,0.674645374158009
0.4696873655994422,0.45361737643023103,0.07669525797032681
0.02326565082770911,0.060084892178340725,0.9166494569939502
0.2861115291099353,0.20660779505048885,0.507280675839576
0.14806310240289489,0.39649459447453056,0.45544230312257455
0.42679376344631936,0.28016119486057106,0.2930450416931095
0.007754820983293803,0.7875201523408883,0.20472502667581785
0.3384557052590249,0.3053607981837595,0.3561834965572155
0.11055986736809935,0.83585903033988,0.0535811022920207
0.12043008159289477,0.4136146368906032,0.4659552815165022
0.26779122894288016,0.18157275611466706,0.5506360149424528
0.6027730099459381,0.30066465187911406,0.09656233817494775
0.3521297126831518,0.5510510121325259,0.09681927518432235
0.33659921017149513,0.42396077732162346,0.23944001250688146
0.4697706881052177,0.3704812576297584,0.159748054265024
0.6712092153844619,0.09772778106759625,0.23106300354794193
0.1402928611033973,0.5330849911706695,0.32662214772593323
0.0839098328229876,0.05352984233484267,0.8625603248421698
0.10533416308942978,0.8299424798940584,0.06472335701651165
0.010539204434166794,0.053507673046845804,0.9359531225189874
0.6192313535966726,0.03980308894253103,0.3409655574607965
0.07198017776265332,0.47534205086730547,0.4526777713700411
0.04919709145240005,0.13762924736561066,0.8131736611819892
0.03222685289547318,0.841367451133998,0.1264056959705287
0.2506002780208869,0.44061610120370864,0.3087836207754045
0.6549023968575719,0.050407572928973764,0.2946900302134543
0.4858464824745497,0.4483422741933273,0.06581124333212293
0.2253502248154636,0.43129894307915895,0.3433508321053773
0.23897828647888508,0.1510996982413043,0.6099220152798106
0.026471234961298988,0.21311005600423755,0.7604187090344636
0.282137437346101,0.32482574248277474,0.39303682017112423
0.18861596312923828,0.10028244790365116,0.7111015889671106
0.11478355620111631,0.6019968153828014,0.2832196284160822
0.05039307000159662,0.40783887505845984,0.5417680549399435
0.10353102865620507,0.7669004525791774,0.12956851876461747
0.5597940591950081,0.12624222607121932,0.31396371473377244
0.7279843389261695,0.14054461809478966,0.13147104297904086
0.025092876596957994,0.46161890476214956,0.5132882186408925
0.6402770110739936,0.06925362177657907,0.2904693671494274
0.8410382371802443,0.07637067475092252,0.08259108806883331
0.19172504729746487,0.586702405184727,0.2215725475178081
0.6068230162708308,0.17408044830391098,0.21909653542525817
0.5132019245401207,0.119620056582206,0.3671780188776733
0.10436389895669224,0.8917659757984155,0.0038701252448924348
0.04343575241843383,0.0977396732724921,0.8588245743090741
0.18321935168398817,0.1651151667472477,0.6516654815687641
0.42042890483326006,0.5010658649806881,0.0785052301860521
0.17270641385520952,0.29255774787117367,0.5347358382736167
0.09593945667178043,0.038180135445530484,0.865880407882689
0.0837526878556047,0.16170739958320485,0.7545399125611905
0.11328869203802236,0.006857032283448307,0.8798542756785295
0.013868842475957998,0.41505454349008797,0.571076614033954
0.4455577104922069,0.38282063018995904,0.17162165931783405
0.10936297202762425,0.7669149354692986,0.12372209250307731
0.24378298739102683,0.2852340212361167,0.47098299137285654
0.5239175129189275,0.08377264080451169,0.3923098462765607
0.3073491980493778,0.01431147417192796,0.6783393277786942
0.6708426100432893,0.023540992654528445,0.3056163973021823
0.47779059164952153,0.014125540312707048,0.5080838680377714
0.7110064266540523,0.22812320331965558,0.060870370026291955
0.16885768769285323,0.4967800287715516,0.3343622835355952
0.4528041857045627,0.051970296977227715,0.4952255173182096
0.060576161186704995,0.06186440510465633,0.8775594337086386
0.6147132816607802,0.2542023316708719,0.13108438666834796
0.4006892901142423,0.24698671134812972,0.352323998537628
0.0011844042984161334,0.5067368903808203,0.49207870532076364
0.13964323908298737,0.7283969658662705,0.13195979505074207
0.20129914731814658,0.09712839766978354,0.7015724550120699
0.04637676434112042,0.5958166414882686,0.35780659417061095
0.2118139817789266,0.16855482218383486,0.6196311960372386
0.8532387746260555,0.10284986023912522,0.043911365134819316
0.5345592463877972,0.1076875537221706,0.3577531998900323
0.1417110780073544,0.5892188303172237,0.2690700916754219
0.3691576111422467,0.042076794260121134,0.5887655945976322
0.18646634075605667,0.7947501138024486,0.018783545441494718
0.17092959372968153,0.05527248520922628,0.7737979210610922
0.13630829278861367,0.3040568098037036,0.5596348974076827
0.46708297542085775,0.10467046683275115,0.42824655774639125
0.06512245036482657,0.6288486776766724,0.30602887195850087
0.3958106059276626,0.4345710715800385,0.16961832249229905
0.2837086863662543,0.43023598141437186,0.28605533221937385
0.1478085875407328,0.2433159359085481,0.6088754765507192
0.11878721826159795,0.7361448806709597,0.14506790106744236
0.5560643551632313,0.04542706357564513,0.39850858126112354
0.4939650007701658,0.09511789234085934,0.4109171068889749
0.1738371057575783,0.45697573862922625,0.3691871556131956
0.3493511035867006,0.5934481987385869,0.057200697674712635
0.052283193545360755,0.20617416729757954,0.7415426391570598
0.17241526739214377,0.7293942476981268,0.09819048490972938
0.148552773538805,0.22474991908560796,0.626697307375587
0.13649452845082832,0.3763968090687839,0.48710866248038764
0.8897154735914359,0.001487547106562039,0.1087969793020022
0.5007927859375707,0.4371952439802649,0.06201197008216436
0.11978105399711644,0.2317836048288479,0.6484353411740357
0.31409211164810386,0.05966975845762882,0.6262381298942673
0.5656896895966455,0.2152957007700211,0.21901460963333336
0.25442913513372817,0.13866879537754775,0.606902069488724
0.16251942293397864,0.19332697267229682,0.6441536043937245
0.1471925310679016,0.42929982513411546,0.42350764379798284
0.2352657028463318,0.7446776670871544,0.020056630066513856
0.09284278108430423,0.45544189542324215,0.45171532349245364
0.21010099623059347,0.13392275117701605,0.6559762525923903
0.23018112972624122,0.3709022988469656,0.39891657142679326
0.010309902402682244,0.3575391196629981,0.6321509779343195
0.702065896183914,0.24360817547557714,0.05432592834050896
0.3035510884633815,0.3685211870545803,0.32792772448203805
0.4026592053372019,0.3381473650046196,0.25919342965817843
0.10487955017747229,0.7665935824916785,0.12852686733084925
0.13901838757989743,0.7682407236275258,0.09274088879257661
0.5168012993411414,0.39918979516071895,0.08400890549813972
0.5741741770974739,0.006782868884629616,0.4190429540178966
0.2919378858097826,0.4805934866571919,0.22746862753302546
0.8364723941754979,0.13425001593369693,0.029277589890805145
0.0007285611827850284,0.29733454120663727,0.7019368976105776
0.3719310255018928,0.1664625001150598,0.46160647438304747
0.06303643983048328,0.856819813633114,0.08014374653640254
0.5802060974076585,0.05640099597321606,0.36339290661912554
0.2564416714657941,0.0871147736986685,0.6564435548355373
0.4175630196184597,0.5511140867292369,0.03132289365230333
0.5777274398330436,0.13835750376530476,0.2839150564016517
0.0693953894321219,0.4264806879659241,0.504123922601954
0.4295750994893015,0.29991527945015817,0.2705096210605402
0.023451313338766815,0.9529208224963786,0.02362786416485462
0.1823680149758868,0.6907561353546231,0.12687584966948995
0.13807035728659733,0.8610388797522487,0.0008907629611539709
0.5346678954631139,0.029736951559167016,0.435595152977719
0.07541067078191643,0.6083002980988231,0.31628903111926043
0.0535819222216278,0.3956075250032673,0.5508105527751048
0.015409966061827627,0.45883793326818284,0.5257521006699895
0.02037558801519144,0.7818973002127364,0.1977271117720721
0.44922734746905063,0.20893157926939374,0.3418410732615555
0.662450733412981,0.22386290928897143,0.11368635729804753
0.45666230223814214,0.48700184560829407,0.056335852153563674
0.1936234138392418,0.35399992862671914,0.45237665753403905
0.06335842811843496,0.049384852163252654,0.8872567197183123
0.42350357038326164,0.07296973396128029,0.503526695655458
0.4315741645984702,0.06579207262520985,0.50263376277632
0.417216332292177,0.352548573075223,0.23023509463259995
0.7548889193093619,0.12378264535535861,0.12132843533527952
0.10148072825058259,0.3055884559321438,0.5929308158172736
0.031904473275860656,0.46506503806349064,0.5030304886606487
0.7032902104559119,0.28445688250234163,0.012252907041746423
0.5579261468466286,0.2741547878946838,0.1679190652586877
0.6063101667041829,0.31365897899293843,0.08003085430287864
0.3168364714723078,0.21838106872695792,0.4647824598007344
0.5575189419974248,0.1371087173508673,0.3053723406517078
0.7788691876662783,0.06096588018592369,0.16016493214779792
0.522199903930606,0.05649658594247365,0.42130351012692036
0.6236019971605233,0.28447033162953483,0.09192767120994197
0.28206040155601914,0.6337214699191855,0.0842181285247953
0.37468228954838395,0.5594927621311223,0.0658249483204936
0.10743596516778517,0.26953190505027486,0.6230321297819399
0.03248153768119002,0.9579228872309594,0.00959557508785056
0.2387472456737358,0.1529099104150389,0.6083428439112254
0.024581862210145182,0.2175275063015523,0.7578906314883025
0.5558870085982749,0.31043580331277415,0.13367718808895088
0.5022716547862695,0.17322032345687047,0.32450802175686005
0.10609174902677819,0.618491517500221,0.27541673347300094
0.4921953027629061,0.4362475786467553,0.07155711859033863
0.5136183966931964,0.44209596079613306,0.044285642510670485
0.07488304020548968,0.42214863046992046,0.5029683293245898
0.9223577039747579,0.01581869300475638,0.061823603020485764
0.8225670854493558,0.062576435790413,0.11485647876023132
0.6841787953179582,0.10374115191881592,0.21208005276322567
0.23897265401662593,0.6645788798247566,0.09644846615861735
0.4160050584110412,0.12969561880466493,0.4542993227842939
0.0697022096665925,0.12292043137819306,0.8073773589552145
0.14212865397827373,0.21306816429413605,0.6448031817275903
0.09811160613130686,0.4005825042760776,0.5013058895926155
0.17310311478634788,0.7098316667616321,0.1170652184520201
0.7917272322890058,0.09472063361871433,0.11355213409227985
0.4267825394896138,0.2582304462930838,0.3149870142173023
0.38166668234289,0.546341832309748,0.07199148534736201
0.1715491419645285,0.08439931036606413,0.7440515476694074
0.3075407743641022,0.5499342209982067,0.14252500463769116
0.4910219976389856,0.4661647011771346,0.04281330118387974
0.42222741097709643,0.3639305999856848,0.21384198903721874
0.5433899762758013,0.282476918015907,0.17413310570829169
0.19898274223066909,0.36686084211238834,0.43415641565694246
0.16251806722709314,0.8215595906684263,0.015922342104480437
0.28017955079176093,0.3076861151378064,0.41213433407043276
0.3111547211289688,0.21556799837287363,0.4732772804981576
0.014287838708912407,0.26630887588657526,0.7194032854045123
0.4513770505000347,0.2222360559424122,0.32638689355755324
0.24450202617168784,0.6709346334040241,0.08456334042428792
0.27504323085662424,0.017911356443977414,0.7070454126993982
0.1670667429667111,0.622043776476012,0.2108894805572771
0.5351965604148092,0.2059769537670091,0.2588264858181817
0.742438476112069,0.24447805897442818,0.013083464913502872
0.45068465534589397,0.12317568668140035,0.4261396579727057
0.13116777257588655,0.6550915642620756,0.21374066316203796
0.38806642691500076,0.5442216447044577,0.06771192838054146
0.9574563739624322,0.03384734906658327,0.00869627697098457
0.10082512148018423,0.3538935129999455,0.5452813655198703
0.04762308344598513,0.45982883484250264,0.4925480817115123
0.5130739574197998,0.3884823297914832,0.09844371278871711
0.8039289272018015,0.13385038934339727,0.06222068345480127
0.0873760272971428,0.1549284267371046,0.7576955459657526
0.7747913709539272,0.2099078467812283,0.015300782264844551
0.6369403474290477,0.3444451893301132,0.018614463240839103
0.7707355869382095,0.1912120241149546,0.03805238894683583
0.3994549963928718,0.5078607477190682,0.09268425588806006
0.7818321372057953,0.07087631907809004,0.1472915437161147
0.35525019761018856,0.3736590903290343,0.27109071206077706
0.13532655259557608,0.41798237602481914,0.4466910713796048
0.533743695341797,0.37246594140418227,0.09379036325402067
0.08161496266609986,0.6181396616371608,0.3002453756967393
0.6538823460609597,0.05528874218222414,0.29082891175681624
0.2311437927320243,0.6930278867203982,0.07582832054757743
0.7472793405890144,0.012220120591914203,0.24050053881907138
0.0719174586638936,0.5611385860825644,0.36694395525354184
0.47564824855148746,0.24686612136479213,0.27748563008372035
0.7701862306730979,0.0821213538000305,0.14769241552687162
0.36150867027863554,0.008072118309346066,0.6304192114120185
0.26544064900125164,0.18604454203234957,0.5485148089663989
0.44159996163807513,0.0841240186664162,0.4742760196955087
0.23559841093645478,0.2922568602719359,0.4721447287916094
0.4059978489389161,0.48296123630930105,0.11104091475178293
0.902455307794675,0.011647866459320411,0.08589682574600456
0.35073119289562543,0.412548608214264,0.23672019889011053
0.03989199842174538,0.3675213966808899,0.5925866048973648
0.12297629166242854,0.4020903830964586,0.4749333252411127
0.5886627794773238,0.08931539955122418,0.32202182097145216
0.29842488661343286,0.030572006526382305,0.6710031068601848
0.3998098215552983,0.08539779326937234,0.5147923851753293
0.14851177416153746,0.17960969096249477,0.6718785348759678
0.0010794716836957775,0.15617329758379472,0.8427472307325096
0.08554897241757085,0.7560698846999275,0.1583811428825018
0.004596796525431907,0.019835707811356396,0.9755674956632118
0.8916955196870829,0.0823764177529802,0.025928062559936828
0.36293956167875147,0.3304373131003915,0.30662312522085716
0.22945179008508187,0.6065373084068237,0.16401090150809444
0.03228284073124489,0.5522928787722114,0.4154242804965436
0.43798127566966955,0.26821448719804647,0.2938042371322841
0.5804288187195459,0.416770927093424,0.002800254187030075
0.5942042933787859,0.230261946228055,0.17553376039315913
0.294188562454468,0.36802882944742127,0.3377826080981106
0.4103457213907254,0.2408392709643894,0.3488150076448851
0.3773963295609413,0.3228944692849773,0.29970920115408145
0.03668697499283368,0.021261595818297077,0.9420514291888693
0.005360381219827745,0.9354416554100335,0.05919796337013864
0.014050782044183035,0.3388145170121468,0.6471347009436702
0.5804632898101922,0.3899531722237521,0.02958353796605577
0.6148132010089862,0.16427760766550342,0.22090919132551026
0.2841554927594766,0.3295604488131227,0.38628405842740077
0.7502065355120823,0.18352735835340997,0.06626610613450777
0.3168908680921191,0.49925668362064946,0.18385244828723152
0.05779504563215363,0.30018081096087995,0.6420241434069663
0.0003745125679990388,0.4748800181436486,0.5247454692883522
0.08038604223889614,0.44618700060691946,0.47342695715418426
0.3793169238571097,0.16176966581364463,0.45891341032924576
0.0919763406963704,0.1730663485714439,0.7349573107321856
0.2962610791201498,0.2008856612435739,0.5028532596362763
0.43648568853797837,0.5201915645472723,0.04332274691474937
0.8613885085719626,0.09953487236354033,0.039076619064497095
0.5580795311811257,0.29488674759824646,0.14703372122062797
0.16474338443405329,0.7934684935374096,0.04178812202853723
0.2910327562840735,0.29738556568207597,0.4115816780338506
0.08541379509269471,0.10385237986518916,0.8107338250421161
0.16829720715234434,0.3162149697309407,0.5154878231167149
0.4755096596097162,0.5163508503828242,0.008139490007459465
0.24742568037727813,0.7096494264122026,0.042924893210519184
0.6888077199301227,0.20319696582941313,0.10799531424046419
0.13083952153808817,0.20271532593814676,0.6664451525237651
0.514369458148639,0.22314738579727153,0.2624831560540896
0.15867699890007014,0.05591493387390982,0.7854080672260201
0.09058799918035075,0.48404859405195366,0.4253634067676956
0.12571259550097955,0.24250435426533773,0.6317830502336828
0.27279676211795845,0.003198308767581453,0.7240049291144601
0.03518072980525943,0.924668468167189,0.04015080202755156
0.283767145286846,0.6974285012959571,0.01880435341719697
0.009224901537928598,0.5558335444911618,0.43494155397090967
0.4574628352501128,0.25934032825504805,0.2831968364948393
0.7986995320946353,0.10527616897183917,0.09602429893352546
0.3777462855009837,0.06689964777303847,0.5553540667259776
0.6832932569891776,0.224093862454462,0.09261288055636034
0.03605571275210378,0.8452322951295645,0.11871199211833174
0.2888373686987663,0.36951115493599507,0.34165147636523846
0.45318469096251907,0.027138037511901417,0.5196772715255795
0.010872523973627661,0.9405659188607098,0.04856155716566263
0.7520084528370008,0.018556562046701575,0.2294349851162976
0.37646252902003596,0.5516566662693443,0.07188080471061983
0.14974048668898438,0.5386080585394661,0.31165145477154943
0.35671752395302725,0.4973393674965537,0.14594310855041912
0.7789828637357088,0.09271011858277815,0.12830701768151295
0.4381035116651498,0.061359142924525434,0.5005373454103248
0.38080503749775574,0.2657077942675871,0.35348716823465715
0.2332917424873155,0.2546424931262697,0.5120657643864149
0.2154242117939367,0.7285872156879503,0.055988572518112976
0.0005550996505305724,0.9024131375295555,0.09703176281991381
0.6791026451709069,0.11203120084531568,0.20886615398377745
0.10060426902507938,0.14662222911990203,0.7527735018550187
0.5395651990793454,0.1649465884303073,0.2954882124903472
0.4110974882599019,0.02309269902433394,0.565809812715764
0.07443235367392845,0.05280629074171589,0.8727613555843557
0.681922644656907,0.0782985836701883,0.2397787716729047
0.38507119834403125,0.5192455968908599,0.09568320476510898
0.376598352664042,0.4760806060983426,0.1473210412376155
0.48188793723621887,0.32132531484244,0.19678674792134115
0.12871312646674068,0.7129786542255152,0.158308219307744
0.7987545308628861,0.15744876721915352,0.04379670191796056
0.3738331125628948,0.2750163226475048,0.3511505647896002
0.05034098441045749,0.6062627353056104,0.3433962802839322
0.6312143175125484,0.3139139398410755,0.054871742646376044
0.34180049862663897,0.39051784593423233,0.26768165543912875
0.26557649376578907,0.4029112164283639,0.33151228980584696
0.2616107248200739,0.22474782665739837,0.5136414485225276
0.1923063199835685,0.32889704483922483,0.4787966351772065
0.3977605619901534,0.3572849741352569,0.24495446387458977
0.3427141507166743,0.3997290207757892,0.25755682850753653
0.8053517203382288,0.18803525134329238,0.00661302831847872
0.37122036340136716,0.13864794632255428,0.4901316902760785
0.3426811483441581,0.07408948494225678,0.583229366713585
0.2414779734870514,0.09695723172619065,0.661564794786758
0.4384000244861725,0.2962882001662077,0.26531177534761985
0.043135660492917366,0.035880610958543065,0.9209837285485396
0.04041655062241885,0.20992848307454387,0.7496549663030373
0.23402264462612243,0.18223443903082356,0.583742916343054
0.30714633006062647,0.32238552385452407,0.37046814608484946
0.19973814914850194,0.49675208647735214,0.30350976437414584
0.24238402638307044,0.2931717950603107,0.46444417855661907
0.10922278904902029,0.24106570986041595,0.6497115010905639
0.6434296668383191,0.29283043222979,0.06373990093189089
0.18451761742242417,0.44664719931866825,0.36883518325890746
0.0908584549642176,0.17495337725253018,0.7341881677832522
0.09606372674169202,0.32871066005645816,0.5752256132018498
0.670306919804695,0.20187075400952859,0.12782232618577644
0.03956812516429908,0.580625085433363,0.379806789402338
0.035777546921923115,0.17299766788948248,0.7912247851885944
0.2621090230030865,0.005695180852746772,0.7321957961441666
0.5158839893354418,0.1293865524346713,0.354729458229887
0.3663674730819357,0.4170069184468068,0.21662560847125736
0.791908708099835,0.15543318643704296,0.052658105463122
0.6870067937791524,0.217136050065317,0.09585715615553064
0.3975567646690562,0.5620034257679919,0.04043980956295184
0.46824764645120276,0.07349380892188932,0.4582585446269078
0.5338289175954347,0.4291748043495544,0.03699627805501078
0.5096137448206705,0.48885006591465857,0.0015361892646711516
0.8879277329561774,0.044423492517007536,0.06764877452681507
0.22011640906497076,0.4209025858631052,0.35898100507192404
0.20841300237294974,0.23341367543889127,0.558173322188159
0.6212779117907482,0.11598618102075463,0.26273590718849715
0.4195417885171118,0.05913171510308065,0.5213264963798074
0.014735076574079424,0.08634740720335146,0.8989175162225691
0.1193844878988716,0.2410743971134065,0.6395411149877219
0.8203938860173914,0.07448733206760018,0.10511878191500858
0.5017685238976121,0.3089183577440621,0.18931311835832587
0.5675284037837417,0.08872591449009949,0.34374568172615894
0.30996563495732815,0.3770132778964293,0.31302108714624244
0.004209301696789274,0.685451957010062,0.3103387412931487
0.8513169328855046,0.1467879636495503,0.0018951034649451247
0.5907247758839209,0.003457750816437116,0.4058174732996419
0.11243166215794483,0.055826280855827366,0.8317420569862277
0.15265427636478748,0.19994979351936523,0.6473959301158474
0.18773282543683306,0.5109677258046464,0.3012994487585204
0.38668033924665907,0.30393371826989996,0.3093859424834411
0.24762374326153333,0.3096267028581019,0.44274955388036474
0.08696387614927216,0.03888302797365639,0.8741530958770716
0.16861379375755,0.6665822246930614,0.16480398154938858
0.1644458106143847,0.24153124325496333,0.5940229461306521
0.490931463568701,0.4933039462930678,0.01576459013823137
0.07748257125885277,0.5805820640872357,0.3419353646539115
0.2404781677556059,0.14899127468550583,0.6105305575588882
0.01072452491620014,0.3335318546420132,0.6557436204417867
0.4743590374469629,0.4989396728286061,0.026701289724431105
0.27599970883991665,0.17789126516495896,0.5461090259951245
0.2826395772345504,0.5375036564863034,0.179856766279146
0.11680753253921992,0.7852400040417775,0.09795246341900253
0.6347901296584558,0.17066096843251843,0.1945489019090257
0.19104853248835282,0.08067141204856591,0.7282800554630813
0.15309615536983215,0.6522974763407653,0.19460636828940236
0.2640450996654429,0.6574069557381935,0.07854794459636376
0.23604314377395447,0.20885724548800294,0.5550996107380426
0.6842844459772223,0.2660914457644633,0.04962410825831431
0.48298255374180443,0.11407762756979935,0.40293981868839623
0.2103992707162662,0.34755879471761597,0.44204193456611784
0.07452390392839148,0.2494844724018304,0.6759916236697782
0.828926440009784,0.039036535930121526,0.1320370240600944
0.17553272231028982,0.10061167215763718,0.723855605532073
0.19420980934040794,0.1482220233328913,0.6575681673267006
0.7795304879741598,0.08213880914743747,0.13833070287840263
0.478799684536599,0.22926066982896517,0.29193964563443586
0.2680599565849737,0.5902749338119642,0.141665109603062
0.2077693254774705,0.22107846509394666,0.5711522094285828
0.04421815972450371,0.10034137887830095,0.8554404613971952
0.9327704774953173,0.06160758034677826,0.005621942157904298
0.43646208427608174,0.14326139160397616,0.4202765241199421
0.28320227660245734,0.7163012169130519,0.0004965064844907381
0.14526898039252395,0.20597125111761094,0.6487597684898652
0.10233835760564125,0.22953390747931718,0.6681277349150415
0.6016256337257907,0.39461489648765696,0.0037594697865521985
0.28767574897796827,0.4593499832444904,0.2529742677775414
0.28141455033648066,0.1625156000697626,0.5560698495937568
0.5628961988779273,0.20957602943817566,0.22752777168389707
0.46934192390755264,0.024019846540204434,0.5066382295522429
0.11187947806034057,0.2990337655111952,0.5890867564284643
0.16139927112218316,0.3275939773311563,0.5110067515466604
0.36544844155868966,0.16388632910733872,0.4706652293339716
0.5555060829638578,0.4406388791652262,0.0038550378709158797
0.1436493438814022,0.25110502442370264,0.6052456316948952
0.2536431662269214,0.37234859775165896,0.3740082360214195
0.3273138648103995,0.46469198853803184,0.20799414665156873
0.20596239425073953,0.24877315997778154,0.5452644457714788
0.7478095251031963,0.014744525699369617,0.23744594919743398
0.581684284402214,0.1834872295534729,0.23482848604431303
0.3467051787330367,0.0014022868835702686,0.651892534383393
0.658884183898783,0.04388561495305761,0.2972302011481592
0.0241311587458737,0.02184647182495939,0.9540223694291668
0.6855363120390088,0.18726564455407518,0.12719804340691615
0.020334363797747997,0.5217140905100139,0.45795154569223817
0.019332295420981693,0.09352545909444022,0.8871422454845782
0.34825631398709744,0.08740606201867303,0.5643376239942294
0.037931902703429284,0.3530560117047077,0.609012085591863
0.03890521436295305,0.4221889073285843,0.5389058783084625
0.15047506125846327,0.06968455511342922,0.7798403836281075
0.14200060095832245,0.3919667658480219,0.46603263319365545
0.4665649349995935,0.023217856114611416,0.5102172088857951
0.44182065841023743,0.04323258556179304,0.5149467560279697
0.7346518185330054,0.08348590331171643,0.18186227815527822
0.21381173184762306,0.21912830258050928,0.5670599655718677
0.5934673269198594,0.36117516167875285,0.0453575114013878
0.18438885031897026,0.8086438074982307,0.006967342182799028
0.4840338169669104,0.18022185698093085,0.3357443260521588
0.6251356082424021,0.30477688928978686,0.07008750246781116
0.2843911055446928,0.6592907979919941,0.056318096463313046
0.538030161064467,0.03703280620457912,0.424937032730954
0.4719978008961196,0.38079589321034807,0.14720630589353234
0.04641817242859338,0.1639279016092658,0.7896539259621407
0.4871712178072794,0.3372787360699537,0.1755500461227669
0.49172486987601316,0.19577567342110275,0.3124994567028842
0.36830562246872056,0.5946707272153952,0.03702365031588426
0.4637145440317037,0.18408518579675673,0.35220027017153954
0.5387225016230156,0.07781178391359646,0.38346571446338795
0.5754204110843875,0.06377343394880393,0.36080615496680857
0.1400119843838596,0.29316591893244853,0.566822096683692
0.1590044901864215,0.4092157724321466,0.4317797373814319
0.4978123727474202,0.15178920051141145,0.35039842674116833
0.47165825034310915,0.17962236202569654,0.3487193876311944
0.008854364313614829,0.37398447662880185,0.6171611590575833
0.36542199832819344,0.305327267353686,0.32925073431812046
0.18496795542184927,0.5081603811857678,0.30687166339238287
0.014182108070033818,0.24450057367357006,0.7413173182563962
0.28816695000405385,0.09916657870661891,0.6126664712893272
0.19686582458573723,0.20910800152279949,0.5940261738914633
0.7021756377753086,0.2945218590893599,0.0033025031353314913
0.4247165959948885,0.4757685219702404,0.09951488203487109
0.26027130111843405,0.5965248038389972,0.14320389504256875
0.3839850715044849,0.4128495179941572,0.203165410501358
0.5589598773481759,0.27953603034583696,0.1615040923059872
0.34421362589333393,0.600191069413852,0.05559530469281408
0.28084498078833897,0.11534725655425579,0.6038077626574054
0.8714229621276024,0.11195141340825673,0.016625624464140728
0.050175676159465554,0.6782152180318529,0.27160910580868164
0.21570206629606586,0.7509028062902955,0.03339512741363879
0.4501959899051136,0.18255653537055436,0.36724747472433206
0.3019694826060283,0.22131928082101726,0.4767112365729544
0.1647633340177147,0.21996692064792028,0.6152697453343651
0.2940983391940962,0.23652589478510105,0.46937576602080266
0.42695335973743903,0.5456895701441157,0.027357070118445164
0.5038775903846966,0.06905356672491578,0.42706884289038766
0.08120252808747731,0.13747771412902643,0.7813197577834964
0.4892638350195907,0.25398647627166315,0.25674968870874615
0.3390950020698844,0.1915688258666957,0.4693361720634198
0.1685235412730304,0.7423887397755364,0.08908771895143315
0.8600784438479171,0.1004634421484098,0.03945811400367298
0.280983148419944,0.5481918819502555,0.17082496962980043
0.11335131780713334,0.36092069975740076,0.5257279824354659
0.07767298059589794,0.3422216929204005,0.5801053264837015
0.6777004469228592,0.020178219200159254,0.30212133387698137
0.4625607027002394,0.1465380391765579,0.3909012581232028
0.5901196495359208,0.22952727333768494,0.18035307712639423
0.25969620614200567,0.3515077860324861,0.3887960078255083
0.338403368726111,0.0016455270442340432,0.6599511042296549
0.39157903605379135,0.27680896263915156,0.33161200130705715
0.1379924686346623,0.6386307258020602,0.2233768055632775
0.40642406063708697,0.051078168767448494,0.5424977705954644
0.10107224781356344,0.44567589010073255,0.4532518620857039
0.9052869605165831,0.06580118916154434,0.02891185032187266
0.3696922687167623,0.273680949513854,0.3566267817693836
0.1511427751774715,0.7089899914871393,0.1398672333353892
0.07141785102449845,0.5746401108625185,0.353942038112983
0.45035266818132647,0.06553349539085146,0.484113836427822
0.5166157502474535,0.19625851315467752,0.28712573659786894
0.46298429175953715,0.19345583044690812,0.3435598777935548
0.21350227737673022,0.22760386137132008,0.5588938612519497
0.28433241416320737,0.4822478675423267,0.23341971829446592
0.5141839612362974,0.459818393100888,0.025997645662814556
0.17300026957716294,0.3846473441944051,0.4423523862284318
0.47385048776821936,0.4157968556404493,0.11035265659133135
0.5549013295628733,0.09866992983958779,0.34642874059753886
0.6421971262940106,0.24509440871402527,0.11270846499196416
0.6138572087272057,0.2543844381638659,0.13175835310892842
0.209058971754655,0.7564535667080617,0.03448746153728318
0.12559587719941753,0.5756425090712671,0.29876161372931526
0.014772581960639127,0.2004527286573766,0.7847746893819842
0.003719621696408055,0.830777540047452,0.16550283825614007
0.5029279461137964,0.30691101465281023,0.19016103923339328
0.1657510795929053,0.14687518735453303,0.6873737330525617
0.6097187094206137,0.36617008812375723,0.024111202455629033
0.24319925244454288,0.1701670729166798,0.5866336746387772
0.7327351570479089,0.13255012164565652,0.13471472130643453
0.5988559682143082,0.06639464853790254,0.3347493832477892
0.21449753241461852,0.23159962843338974,0.5539028391519918
0.07907502997931722,0.8299498489893283,0.09097512103135433
0.5379179862945708,0.1903402108200914,0.27174180288533784
0.48257468724636693,0.0021603570546871445,0.515264955698946
0.8034725073262796,0.11270844533265606,0.08381904734106431
0.6019084779767917,0.2762892099718294,0.12180231205137897
0.32282893831123843,0.18019797300754328,0.49697308868121814
0.08268599309759014,0.8628541891009599,0.054459817801449845
0.4916419711699623,0.3795882686704835,0.12876976015955435
0.34193655366456766,0.4105350465960384,0.24752839973939395
0.7148948345551311,0.0018953360537053599,0.28320982939116346
0.33558434276857724,0.08693814365636235,0.5774775135750606
0.23523557543239376,0.6018877281067248,0.1628766964608814
0.7748291425297255,0.18751755877200438,0.03765329869827014
0.6312586499506606,0.16568222290919066,0.2030591271401488
0.21526554364079,0.5062796611397736,0.27845479521943634
0.5095750573066427,0.0400530075666019,0.4503719351267555
0.1652338514455853,0.5104347790694804,0.3243313694849342
0.4638920338228829,0.30350205906377486,0.23260590711334228
0.6823866164829653,0.2598820205733123,0.05773136294372226
0.0034949754332326325,0.12503501927915806,0.8714700052876094
0.8996201937201813,0.08655988098090986,0.013819925298908764
0.08304953860091668,0.5971660272954418,0.31978443410364155
0.05399214868727698,0.9405988631838377,0.005408988128885229
0.01710363887164221,0.7296475101975343,0.25324885093082355
0.5978021213095219,0.27180596732908213,0.13039191136139588
0.1923789200018196,0.7792610124428286,0.028360067555351774
0.34626032567220716,0.43126441355800305,0.2224752607697899
0.04605615193082217,0.18346095590862105,0.7704828921605567
0.2691933462615712,0.4190345088856782,0.31177214485275045
0.6286769901358857,0.3556771271019333,0.01564588276218101
0.27312194545488927,0.06663618553565746,0.6602418690094531
0.5729464357410878,0.22844266093703378,0.19861090332187828
0.38573018894179606,0.5486110793014196,0.06565873175678431
0.29173893995830347,0.5229716255846956,0.185289434457001
0.15516447165916153,0.751002873920982,0.09383265441985654
0.11889973682856228,0.6498876602394847,0.23121260293195298
0.6540321737319825,0.17675291020229134,0.16921491606572608
0.3157502058812516,0.024698607446628346,0.6595511866721201
0.05808664890560729,0.3191849179706861,0.6227284331237065
0.17831987754172332,0.37372367476069895,0.4479564476975777
0.020844007371945018,0.12095466998664865,0.8582013226414063
0.5344667249703794,0.40934299474276276,0.056190280286857734
0.07985519486344282,0.679365416366355,0.2407793887702022
0.29720574380556936,0.41056771310303575,0.2922265430913948
0.046050219797846695,0.553811925056649,0.40013785514550426
0.6009603026640019,0.299126305904151,0.09991339143184703
0.1988812960475414,0.6083984998516195,0.19272020410083895
0.6472675098068208,0.29254758451171875,0.06018490568146037
0.0007540024335721823,0.7195453562091096,0.2797006413573182
0.9370227535319668,0.0018586169783395886,0.06111862948969368
0.09219293726436927,0.42241195469631515,0.4853951080393156
0.8350198175052942,0.1306287077300724,0.034351474764633315
0.0859617375438258,0.07169813105350656,0.8423401314026675
0.24461246164627348,0.4780631941027259,0.27732434425100067
0.043324470414855994,0.7752409185453397,0.1814346110398043
0.4148132132545979,0.4476216010926205,0.1375651856527816
0.7984442839877222,0.023722337323238793,0.1778333786890391
0.4110117753896956,0.07124829694307257,0.5177399276672316
0.20060040146526653,0.575176489619043,0.2242231089156904
0.32273478260115696,0.014374336216635399,0.6628908811822075
0.4229261224708582,0.2622801508379415,0.31479372669120026
0.04912485017499381,0.480345787516732,0.4705293623082742
0.4698155055685457,0.0024218642826186244,0.5277626301488356
0.6446986777753303,0.2817396085820665,0.07356171364260324
0.040278656951505766,0.34279173379923905,0.6169296092492552
0.6519451009875775,0.2239714853898306,0.12408341362259179
0.11003352563500332,0.061183328985888207,0.8287831453791085
0.35890844893424273,0.5864125767616193,0.05467897430413798
0.6271814835106279,0.012769392843256235,0.36004912364611596
0.31438906982679604,0.19676681960724776,0.48884411056595617
0.6670549007078838,0.0915139161906843,0.24143118310143177
0.5467580991561376,0.38236284859353453,0.07087905225032794
0.4954758645631726,0.08106344004262264,0.4234606953942046
0.7165692713010188,0.0960976263603578,0.18733310233862346
